0 0.057916666666666665 0.5344387755102041 0.034166666666666665 0.20408163265306123
0 0.11416666666666667 0.5382653061224489 0.06833333333333333 0.20153061224489796
0 0.25166666666666665 0.5389030612244898 0.05333333333333334 0.1798469387755102
0 0.32208333333333333 0.5376275510204082 0.04083333333333333 0.1798469387755102
0 0.41041666666666665 0.5656887755102041 0.07416666666666667 0.1747448979591837
0 0.37166666666666665 0.5420918367346939 0.07166666666666667 0.1683673469387755
0 0.515 0.579719387755102 0.05 0.2002551020408163
0 0.5483333333333333 0.5338010204081632 0.04833333333333333 0.14923469387755103
0 0.5833333333333334 0.5733418367346939 0.04666666666666667 0.2002551020408163
0 0.6529166666666667 0.5860969387755102 0.06916666666666667 0.1875
0 0.7241666666666666 0.5809948979591837 0.08833333333333333 0.19260204081632654
0 0.8075 0.5994897959183674 0.043333333333333335 0.15816326530612246
0 0.92375 0.5943877551020408 0.08416666666666667 0.17857142857142858
0 0.8554166666666667 0.6141581632653061 0.04583333333333333 0.19005102040816327