1 0.46541666666666665 0.36125 0.2608333333333333 0.3675
1 0.5616666666666666 0.368125 0.26 0.16625
1 0.6516666666666666 0.445 0.27 0.1425
1 0.8966666666666666 0.240625 0.20666666666666667 0.34375
1 0.69375 0.12 0.17583333333333334 0.2375
1 0.48625 0.09 0.11083333333333334 0.1775
1 0.30416666666666664 0.2025 0.23166666666666666 0.2525
1 0.21166666666666667 0.394375 0.12666666666666668 0.18625
1 0.13916666666666666 0.46875 0.10666666666666667 0.14
1 0.051666666666666666 0.463125 0.08 0.24625
1 0.04 0.601875 0.06833333333333333 0.15375
1 0.15666666666666668 0.72875 0.27666666666666667 0.2775
1 0.36125 0.814375 0.1225 0.25375