1 0.9066666666666666 0.45875 0.14833333333333334 0.0975
1 0.7741666666666667 0.71375 0.09 0.1475
1 0.6558333333333334 0.685625 0.05333333333333334 0.11125
1 0.72 0.62125 0.06666666666666667 0.13
1 0.65 0.578125 0.095 0.09625
1 0.43125 0.5275 0.12083333333333333 0.09
1 0.4083333333333333 0.554375 0.058333333333333334 0.07375
1 0.47833333333333333 0.748125 0.10666666666666667 0.11875
1 0.47791666666666666 0.883125 0.11416666666666667 0.11125
1 0.8420833333333333 0.304375 0.06416666666666666 0.10125
1 0.9358333333333333 0.25625 0.03666666666666667 0.0925
1 0.9766666666666667 0.29375 0.045 0.1325
1 0.6354166666666666 0.3575 0.0775 0.0925
1 0.6579166666666667 0.324375 0.060833333333333336 0.05875
1 0.7108333333333333 0.325 0.056666666666666664 0.075
1 0.74125 0.4075 0.0825 0.1