0 0.12 0.5611745513866232 0.06 0.21533442088091354
0 0.16208333333333333 0.5448613376835236 0.0675 0.13050570962479607
0 0.28833333333333333 0.5505709624796085 0.07666666666666666 0.2137030995106036
0 0.405 0.5261011419249593 0.05333333333333334 0.20717781402936378
0 0.45708333333333334 0.5570962479608483 0.0675 0.200652528548124
0 0.5216666666666666 0.5375203915171288 0.056666666666666664 0.18107667210440456
0 0.5754166666666667 0.5570962479608483 0.060833333333333336 0.19412724306688417
0 0.7095833333333333 0.5432300163132137 0.05583333333333333 0.21207177814029363
0 0.78625 0.5285481239804242 0.04583333333333333 0.21207177814029363
0 0.8270833333333333 0.5505709624796085 0.06416666666666666 0.14192495921696574
0 0.9220833333333334 0.5424143556280587 0.0575 0.19412724306688417