0 0.23708333333333334 0.788125 0.0425 0.11375
0 0.415 0.798125 0.03 0.11125
0 0.43583333333333335 0.783125 0.05 0.11375
0 0.31833333333333336 0.80375 0.028333333333333332 0.0825
0 0.35875 0.80375 0.0475 0.0775
0 0.12166666666666667 0.808125 0.04833333333333333 0.08625
0 0.15041666666666667 0.806875 0.0325 0.04875
0 0.6525 0.805625 0.03333333333333333 0.11625
0 0.75125 0.80125 0.05416666666666667 0.1125
0 0.80125 0.790625 0.04583333333333333 0.10625
0 0.8441666666666666 0.8 0.041666666666666664 0.095
0 0.8845833333333334 0.778125 0.015833333333333335 0.07125
0 0.8704166666666666 0.816875 0.0175 0.09375