0 0.059166666666666666 0.5299625468164794 0.10333333333333333 0.25593008739076156
0 0.27708333333333335 0.519350811485643 0.07916666666666666 0.2247191011235955
0 0.5758333333333333 0.6054931335830213 0.07666666666666666 0.299625468164794
0 0.6391666666666667 0.6235955056179775 0.07666666666666666 0.27091136079900124
0 0.6920833333333334 0.5786516853932584 0.0625 0.27091136079900124
0 0.8554166666666667 0.6273408239700374 0.05583333333333333 0.2634207240948814
0 0.74875 0.6204744069912609 0.030833333333333334 0.24469413233458176
0 0.7804166666666666 0.6079900124843945 0.06916666666666667 0.21223470661672908
0 0.45416666666666666 0.5187265917602997 0.03166666666666667 0.10112359550561797
0 0.41458333333333336 0.4756554307116105 0.0525 0.11735330836454431
0 0.4033333333333333 0.5742821473158551 0.08333333333333333 0.2247191011235955
0 0.18125 0.5337078651685393 0.07416666666666667 0.250936329588015
0 0.11625 0.5162297128589264 0.03916666666666667 0.2634207240948814