1 0.3625 0.3580858085808581 0.03166666666666667 0.18811881188118812
1 0.40166666666666667 0.3712871287128713 0.043333333333333335 0.11551155115511551
1 0.46958333333333335 0.39603960396039606 0.035833333333333335 0.14521452145214522
1 0.5104166666666666 0.4306930693069307 0.020833333333333332 0.17491749174917492
1 0.5358333333333334 0.4174917491749175 0.03 0.1617161716171617
1 0.5629166666666666 0.466996699669967 0.024166666666666666 0.17491749174917492
1 0.5929166666666666 0.4471947194719472 0.0325 0.11551155115511551
1 0.6320833333333333 0.49174917491749176 0.0275 0.21782178217821782
1 0.6633333333333333 0.4834983498349835 0.03833333333333333 0.1353135313531353
1 0.7345833333333334 0.5198019801980198 0.0425 0.1353135313531353
1 0.7741666666666667 0.5363036303630363 0.03666666666666667 0.07590759075907591
1 0.8133333333333334 0.5726072607260726 0.04666666666666667 0.17491749174917492
1 0.8566666666666667 0.594059405940594 0.045 0.1716171617161716
1 0.9020833333333333 0.6320132013201321 0.04416666666666667 0.18811881188118812
1 0.9445833333333333 0.6551155115511551 0.029166666666666667 0.1617161716171617
1 0.97875 0.6732673267326733 0.034166666666666665 0.15181518151815182
1 0.2945833333333333 0.28217821782178215 0.04083333333333333 0.11551155115511551
1 0.25458333333333333 0.25742574257425743 0.029166666666666667 0.15181518151815182
1 0.20041666666666666 0.2508250825082508 0.034166666666666665 0.15841584158415842
1 0.1525 0.2376237623762376 0.028333333333333332 0.19141914191419143
1 0.10375 0.20462046204620463 0.029166666666666667 0.1782178217821782
1 0.07166666666666667 0.1782178217821782 0.028333333333333332 0.1782178217821782
1 0.03333333333333333 0.19801980198019803 0.03833333333333333 0.15841584158415842