0 0.11041666666666666 0.5530586766541823 0.0375 0.14481897627965043
0 0.21916666666666668 0.5568039950062422 0.04 0.1797752808988764
0 0.2941666666666667 0.5674157303370787 0.04 0.14856429463171036
0 0.34541666666666665 0.5430711610486891 0.059166666666666666 0.1972534332084894
0 0.38666666666666666 0.5705368289637952 0.06833333333333333 0.15980024968789014
0 0.4375 0.5636704119850188 0.06166666666666667 0.18352059925093633
0 0.5308333333333334 0.5249687890137328 0.025 0.07365792759051186
0 0.5679166666666666 0.49875156054931336 0.0375 0.09363295880149813
0 0.57625 0.568039950062422 0.07083333333333333 0.1647940074906367
0 0.6883333333333334 0.5393258426966292 0.07333333333333333 0.149812734082397
0 0.7541666666666667 0.5717852684144819 0.055 0.20224719101123595
0 0.84125 0.5574282147315855 0.06416666666666666 0.18851435705368288