0 0.11 0.46253602305475505 0.10333333333333333 0.5446685878962536
0 0.19333333333333333 0.4207492795389049 0.115 0.5706051873198847
0 0.30541666666666667 0.3919308357348703 0.0275 0.3170028818443804
0 0.48083333333333333 0.39913544668587897 0.10333333333333333 0.42939481268011526
0 0.66625 0.39481268011527376 0.06583333333333333 0.5244956772334294
0 0.72 0.3688760806916426 0.09833333333333333 0.4956772334293948
0 0.8170833333333334 0.3962536023054755 0.0825 0.5273775216138329
0 0.8675 0.361671469740634 0.05333333333333334 0.34870317002881845
0 0.91875 0.3962536023054755 0.08583333333333333 0.515850144092219
0 0.42 0.3962536023054755 0.051666666666666666 0.35446685878962536
0 0.3875 0.3746397694524496 0.02666666666666667 0.29971181556195964
0 0.35541666666666666 0.3573487031700288 0.030833333333333334 0.276657060518732
0 0.335 0.3703170028818444 0.041666666666666664 0.2680115273775216