0 0.13427734375 0.5530973451327433 0.1435546875 0.3893805309734513
0 0.24365234375 0.45943952802359883 0.1162109375 0.32890855457227136
0 0.03173828125 0.39233038348082594 0.0615234375 0.19469026548672566
0 0.38720703125 0.40412979351032446 0.0439453125 0.17994100294985252
0 0.4140625 0.4786135693215339 0.091796875 0.2669616519174041
0 0.44775390625 0.48156342182890854 0.0888671875 0.2669616519174041
0 0.525390625 0.4505899705014749 0.044921875 0.19321533923303835
0 0.58056640625 0.4749262536873156 0.1005859375 0.29793510324483774
0 0.70068359375 0.48008849557522126 0.0947265625 0.2669616519174041
0 0.77099609375 0.42035398230088494 0.0322265625 0.16224188790560473
0 0.7763671875 0.6150442477876106 0.154296875 0.504424778761062
0 0.85595703125 0.4033923303834808 0.0751953125 0.1873156342182891
0 0.8837890625 0.6342182890855457 0.17578125 0.5870206489675516
0 0.96484375 0.39085545722713866 0.029296875 0.15339233038348082