0 0.11291666666666667 0.56875 0.06416666666666666 0.23
0 0.27458333333333335 0.57625 0.06583333333333333 0.2375
0 0.34041666666666665 0.49375 0.08416666666666667 0.1825
0 0.40458333333333335 0.6075 0.11416666666666667 0.14
0 0.70875 0.790625 0.18416666666666667 0.24125
0 0.7370833333333333 0.505625 0.09083333333333334 0.15125
0 0.65375 0.47375 0.0425 0.125
0 0.57875 0.520625 0.024166666666666666 0.12625
0 0.5333333333333333 0.604375 0.06666666666666667 0.17625
0 0.95625 0.50875 0.06583333333333333 0.18
0 0.9166666666666666 0.485625 0.045 0.16375
0 0.79125 0.53625 0.0675 0.1625