4 0.7725 0.555625 0.16166666666666665 0.20125
4 0.71625 0.5075 0.13416666666666666 0.1625
4 0.5375 0.4925 0.11666666666666667 0.2
4 0.47 0.4175 0.15 0.14
4 0.50375 0.340625 0.1025 0.05625
4 0.49666666666666665 0.255625 0.11666666666666667 0.15375
4 0.395 0.31375 0.12166666666666667 0.1825
4 0.25416666666666665 0.324375 0.13 0.22875
4 0.21916666666666668 0.171875 0.15666666666666668 0.18625
4 0.043333333333333335 0.124375 0.085 0.16125
4 0.43291666666666667 0.185625 0.07583333333333334 0.13875
4 0.4925 0.170625 0.06333333333333334 0.07125
4 0.6891666666666667 0.3775 0.065 0.0725