4 0.47375 0.514375 0.13583333333333333 0.17625
4 0.27791666666666665 0.455625 0.10916666666666666 0.19375
4 0.32708333333333334 0.511875 0.11416666666666667 0.13625
4 0.34708333333333335 0.554375 0.1125 0.09375
4 0.5158333333333334 0.708125 0.09333333333333334 0.12625
4 0.5741666666666667 0.775625 0.056666666666666664 0.09375
4 0.7641666666666667 0.79375 0.13 0.175
4 0.7208333333333333 0.66 0.08333333333333333 0.1925
4 0.9454166666666667 0.801875 0.10916666666666666 0.20375
4 0.61375 0.661875 0.09416666666666666 0.16625
4 0.5454166666666667 0.569375 0.14083333333333334 0.11875